0.010000 2187.000000 6619.000000 
0.020000 2189.000000 6595.000000 
0.030000 2213.000000 6568.000000 
0.040000 2205.000000 6541.000000 
0.050000 2222.000000 6520.000000 
0.060000 2228.000000 6503.000000 
0.070000 2235.000000 6482.000000 
0.080000 2249.000000 6457.000000 
0.090000 2262.000000 6447.000000 
0.100000 2261.000000 6431.000000 
0.110000 2272.000000 6396.000000 
0.120000 2269.000000 6374.000000 
0.130000 2282.000000 6356.000000 
0.140000 2275.000000 6337.000000 
0.150000 2285.000000 6321.000000 
0.160000 2271.000000 6311.000000 
0.170000 2291.000000 6269.000000 
0.180000 2277.000000 6262.000000 
0.190000 2286.000000 6244.000000 
0.200000 2282.000000 6230.000000 
0.210000 2280.000000 6231.000000 
0.220000 2270.000000 6225.000000 
0.230000 2271.000000 6230.000000 
0.240000 2261.000000 6240.000000 
0.250000 2258.000000 6249.000000 
0.260000 2246.000000 6260.000000 
0.270000 2248.000000 6274.000000 
0.280000 2226.000000 6316.000000 
0.290000 2226.000000 6328.000000 
0.300000 2207.000000 6341.000000 
0.310000 2208.000000 6383.000000 
0.320000 2199.000000 6386.000000 
0.330000 2198.000000 6414.000000 
0.340000 2177.000000 6440.000000 
0.350000 2177.000000 6474.000000 
0.360000 2172.000000 6484.000000 
0.370000 2173.000000 6488.000000 
0.380000 2162.000000 6548.000000 
0.390000 2165.000000 6559.000000 
0.400000 2138.000000 6583.000000 
0.410000 2138.000000 6587.000000 
0.420000 2125.000000 6596.000000 
0.430000 2129.000000 6623.000000 
0.440000 2115.000000 6670.000000 
0.450000 2099.000000 6715.000000 
0.460000 2079.000000 6760.000000 
0.470000 2057.000000 6802.000000 
0.480000 2034.000000 6823.000000 
0.490000 2035.000000 6820.000000 
0.500000 2020.000000 6846.000000 
0.510000 2024.000000 6851.000000 
0.520000 2011.000000 6872.000000 
0.530000 2013.000000 6865.000000 
0.540000 2000.000000 6878.000000 
0.550000 2001.000000 6895.000000 
0.560000 1984.000000 6907.000000 
0.570000 1991.000000 6924.000000 
0.580000 1974.000000 6932.000000 
0.590000 1977.000000 6943.000000 
0.600000 1966.000000 6946.000000 
0.610000 1961.000000 6960.000000 
0.620000 1950.000000 6962.000000 
0.630000 1962.000000 6972.000000 
0.640000 1948.000000 6970.000000 
0.650000 1943.000000 6944.000000 
0.660000 1932.000000 6949.000000 
0.670000 1944.000000 6931.000000 
0.680000 1939.000000 6919.000000 
0.690000 1949.000000 6907.000000 
0.700000 1936.000000 6918.000000 
0.710000 1956.000000 6890.000000 
0.720000 1947.000000 6870.000000 
0.730000 1960.000000 6866.000000 
0.740000 1957.000000 6858.000000 
0.750000 1971.000000 6858.000000 
0.760000 1966.000000 6844.000000 
0.770000 1982.000000 6829.000000 
0.780000 1978.000000 6826.000000 
0.790000 1999.000000 6810.000000 
0.800000 1990.000000 6793.000000 
0.810000 2004.000000 6768.000000 
0.820000 2002.000000 6726.000000 
0.830000 2014.000000 6640.000000 
0.840000 2012.000000 6605.000000 
0.850000 2021.000000 6605.000000 
0.860000 2016.000000 6572.000000 
0.870000 2040.000000 6538.000000 
0.880000 2043.000000 6507.000000 
0.890000 2072.000000 6492.000000 
0.900000 2079.000000 6488.000000 
0.910000 2099.000000 6452.000000 
0.920000 2109.000000 6407.000000 
0.930000 2125.000000 6375.000000 
0.940000 2132.000000 6339.000000 
0.950000 2149.000000 6330.000000 
0.960000 2147.000000 6315.000000 
0.970000 2173.000000 6288.000000 
0.980000 2171.000000 6280.000000 
0.990000 2178.000000 6273.000000 
1.000000 2174.000000 6255.000000 
1.010000 2187.000000 6236.000000 
1.020000 2186.000000 6217.000000 
1.030000 2203.000000 6226.000000 
1.040000 2200.000000 6218.000000 
1.050000 2218.000000 6219.000000 
1.060000 2211.000000 6217.000000 
1.070000 2231.000000 6215.000000 
1.080000 2239.000000 6234.000000 
1.090000 2256.000000 6259.000000 
1.100000 2251.000000 6272.000000 
1.110000 2266.000000 6318.000000 
1.120000 2263.000000 6325.000000 
1.130000 2281.000000 6349.000000 
1.140000 2279.000000 6362.000000 
1.150000 2289.000000 6393.000000 
1.160000 2282.000000 6412.000000 
1.170000 2295.000000 6428.000000 
1.180000 2285.000000 6445.000000 
1.190000 2299.000000 6457.000000 
1.200000 2285.000000 6479.000000 
1.210000 2290.000000 6496.000000 
1.220000 2285.000000 6495.000000 
1.230000 2290.000000 6540.000000 
1.240000 2276.000000 6574.000000 
1.250000 2277.000000 6603.000000 
1.260000 2242.000000 6627.000000 
1.270000 2253.000000 6667.000000 
1.280000 2253.000000 6688.000000 
1.290000 2260.000000 6722.000000 
1.300000 2252.000000 6783.000000 
1.310000 2252.000000 6803.000000 
1.320000 2234.000000 6824.000000 
1.330000 2234.000000 6833.000000 
1.340000 2211.000000 6844.000000 
1.350000 2200.000000 6861.000000 
1.360000 2188.000000 6858.000000 
1.370000 2183.000000 6875.000000 
1.380000 2167.000000 6892.000000 
1.390000 2161.000000 6912.000000 
1.400000 2138.000000 6915.000000 
1.410000 2144.000000 6928.000000 
1.420000 2120.000000 6951.000000 
1.430000 2128.000000 6953.000000 
1.440000 2111.000000 6962.000000 
1.450000 2106.000000 6962.000000 
1.460000 2075.000000 6967.000000 
1.470000 2057.000000 6965.000000 
1.480000 2039.000000 6966.000000 
1.490000 2032.000000 6957.000000 
1.500000 2018.000000 6951.000000 
1.510000 2020.000000 6950.000000 
1.520000 2014.000000 6929.000000 
1.530000 2015.000000 6925.000000 
1.540000 1997.000000 6907.000000 
1.550000 2005.000000 6900.000000 
1.560000 1984.000000 6873.000000 
1.570000 1995.000000 6882.000000 
1.580000 1974.000000 6871.000000 
1.590000 1976.000000 6849.000000 
1.600000 1966.000000 6834.000000 
1.610000 1968.000000 6822.000000 
1.620000 1956.000000 6805.000000 
1.630000 1962.000000 6796.000000 
1.640000 1941.000000 6781.000000 
1.650000 1954.000000 6758.000000 
1.660000 1946.000000 6698.000000 
1.670000 1943.000000 6632.000000 
1.680000 1936.000000 6603.000000 
1.690000 1945.000000 6575.000000 
1.700000 1942.000000 6551.000000 
1.710000 1959.000000 6508.000000 
1.720000 1952.000000 6487.000000 
1.730000 1954.000000 6470.000000 
1.740000 1953.000000 6435.000000 
1.750000 1967.000000 6402.000000 
1.760000 1964.000000 6368.000000 
1.770000 1976.000000 6343.000000 
1.780000 1976.000000 6326.000000 
1.790000 1996.000000 6296.000000 
1.800000 1991.000000 6269.000000 
1.810000 2000.000000 6233.000000 
1.820000 1996.000000 6225.000000 
1.830000 2013.000000 6187.000000 
1.840000 2009.000000 6196.000000 
1.850000 2024.000000 6196.000000 
1.860000 2024.000000 6186.000000 
1.870000 2043.000000 6177.000000 
1.880000 2043.000000 6185.000000 
1.890000 2070.000000 6178.000000 
1.900000 2073.000000 6188.000000 
1.910000 2101.000000 6173.000000 
1.920000 2107.000000 6186.000000 
1.930000 2122.000000 6204.000000 
1.940000 2127.000000 6221.000000 
1.950000 2144.000000 6230.000000 
1.960000 2148.000000 6252.000000 
1.970000 2171.000000 6308.000000 
1.980000 2172.000000 6379.000000 
1.990000 2176.000000 6412.000000 
2.000000 2174.000000 6425.000000 
2.010000 2191.000000 6448.000000 
2.020000 2191.000000 6459.000000 
2.030000 2202.000000 6504.000000 
2.040000 2206.000000 6503.000000 
2.050000 2224.000000 6530.000000 
2.060000 2220.000000 6546.000000 
2.070000 2256.000000 6583.000000 
2.080000 2256.000000 6585.000000 
2.090000 2257.000000 6617.000000 
2.100000 2257.000000 6641.000000 
2.110000 2288.000000 6672.000000 
2.120000 2296.000000 6715.000000 
2.130000 2310.000000 6788.000000 
2.140000 2305.000000 6813.000000 
2.150000 2312.000000 6828.000000 
2.160000 2312.000000 6835.000000 
2.170000 2318.000000 6844.000000 
2.180000 2314.000000 6857.000000 
2.190000 2324.000000 6861.000000 
2.200000 2319.000000 6875.000000 
2.210000 2320.000000 6891.000000 
2.220000 2313.000000 6889.000000 
2.230000 2320.000000 6905.000000 
2.240000 2309.000000 6943.000000 
2.250000 2318.000000 6940.000000 
2.260000 2298.000000 6957.000000 
2.270000 2306.000000 6955.000000 
2.280000 2289.000000 6971.000000 
2.290000 2281.000000 6972.000000 
2.300000 2264.000000 6960.000000 
2.310000 2265.000000 6981.000000 
2.320000 2245.000000 6978.000000 
2.330000 2245.000000 6966.000000 
2.340000 2215.000000 6950.000000 
2.350000 2220.000000 6944.000000 
2.360000 2188.000000 6923.000000 
2.370000 2185.000000 6921.000000 
2.380000 2165.000000 6910.000000 
2.390000 2161.000000 6885.000000 
2.400000 2142.000000 6869.000000 
2.410000 2137.000000 6866.000000 
2.420000 2116.000000 6855.000000 
2.430000 2118.000000 6832.000000 
2.440000 2106.000000 6823.000000 
2.450000 2100.000000 6813.000000 
2.460000 2077.000000 6797.000000 
2.470000 2064.000000 6770.000000 
2.480000 2024.000000 6770.000000 
2.490000 2032.000000 6678.000000 
2.500000 2021.000000 6620.000000 
2.510000 2025.000000 6602.000000 
2.520000 2008.000000 6585.000000 
2.530000 2012.000000 6545.000000 
2.540000 1995.000000 6532.000000 
2.550000 2003.000000 6490.000000 
2.560000 1985.000000 6479.000000 
2.570000 1993.000000 6432.000000 
2.580000 1967.000000 6421.000000 
2.590000 1973.000000 6378.000000 
2.600000 1958.000000 6355.000000 
2.610000 1969.000000 6333.000000 
2.620000 1956.000000 6308.000000 
2.630000 1958.000000 6280.000000 
2.640000 1949.000000 6245.000000 
2.650000 1949.000000 6225.000000 
2.660000 1945.000000 6206.000000 
2.670000 1945.000000 6181.000000 
2.680000 1944.000000 6169.000000 
2.690000 1951.000000 6171.000000 
2.700000 1948.000000 6155.000000 
2.710000 1954.000000 6147.000000 
2.720000 1951.000000 6158.000000 
2.730000 1958.000000 6157.000000 
2.740000 1952.000000 6162.000000 
2.750000 1967.000000 6167.000000 
2.760000 1964.000000 6185.000000 
2.770000 1977.000000 6184.000000 
2.780000 1980.000000 6209.000000 
2.790000 1990.000000 6245.000000 
2.800000 1994.000000 6274.000000 
2.810000 2000.000000 6308.000000 
2.820000 1998.000000 6326.000000 
2.830000 2009.000000 6348.000000 
2.840000 2010.000000 6384.000000 
2.850000 2024.000000 6404.000000 
2.860000 2022.000000 6435.000000 
2.870000 2042.000000 6455.000000 
2.880000 2048.000000 6486.000000 
2.890000 2067.000000 6535.000000 
2.900000 2082.000000 6565.000000 
2.910000 2106.000000 6593.000000 
2.920000 2114.000000 6610.000000 
2.930000 2129.000000 6632.000000 
2.940000 2134.000000 6692.000000 
2.950000 2147.000000 6701.000000 
2.960000 2136.000000 6735.000000 
2.970000 2167.000000 6798.000000 
2.980000 2174.000000 6816.000000 
2.990000 2192.000000 6828.000000 
3.000000 2197.000000 6844.000000 
3.010000 2222.000000 6848.000000 
3.020000 2219.000000 6870.000000 
3.030000 2245.000000 6881.000000 
3.040000 2245.000000 6890.000000 
3.050000 2261.000000 6904.000000 
3.060000 2272.000000 6911.000000 
3.070000 2293.000000 6936.000000 
3.080000 2287.000000 6952.000000 
3.090000 2309.000000 6964.000000 
3.100000 2309.000000 6964.000000 
3.110000 2317.000000 6973.000000 
3.120000 2322.000000 6984.000000 
3.130000 2323.000000 6987.000000 
3.140000 2328.000000 6982.000000 
3.150000 2335.000000 6982.000000 
3.160000 2330.000000 6964.000000 
3.170000 2338.000000 6957.000000 
3.180000 2325.000000 6962.000000 
3.190000 2326.000000 6955.000000 
3.200000 2328.000000 6917.000000 
3.210000 2325.000000 6905.000000 
3.220000 2310.000000 6898.000000 
3.230000 2315.000000 6873.000000 
3.240000 2301.000000 6866.000000 
3.250000 2302.000000 6870.000000 
3.260000 2286.000000 6850.000000 
3.270000 2290.000000 6839.000000 
3.280000 2281.000000 6822.000000 
3.290000 2274.000000 6810.000000 
3.300000 2254.000000 6792.000000 
3.310000 2242.000000 6780.000000 
3.320000 2224.000000 6737.000000 
3.330000 2207.000000 6653.000000 
3.340000 2184.000000 6632.000000 
3.350000 2218.000000 6609.000000 
3.360000 2177.000000 6607.000000 
3.370000 2168.000000 6595.000000 
3.380000 2162.000000 6557.000000 
3.390000 2163.000000 6539.000000 
3.400000 2148.000000 6495.000000 
3.410000 2138.000000 6459.000000 
3.420000 2118.000000 6402.000000 
3.430000 2115.000000 6383.000000 
3.440000 2104.000000 6351.000000 
3.450000 2091.000000 6332.000000 
3.460000 2065.000000 6327.000000 
3.470000 2056.000000 6291.000000 
3.480000 2032.000000 6221.000000 
3.490000 2033.000000 6212.000000 
3.500000 2017.000000 6206.000000 
3.510000 2028.000000 6157.000000 
3.520000 2006.000000 6173.000000 
3.530000 2009.000000 6167.000000 
3.540000 1996.000000 6155.000000 
3.550000 1993.000000 6159.000000 
3.560000 1984.000000 6153.000000 
3.570000 1990.000000 6152.000000 
3.580000 1976.000000 6161.000000 
3.590000 1976.000000 6177.000000 
3.600000 1963.000000 6188.000000 
3.610000 1963.000000 6207.000000 
3.620000 1959.000000 6231.000000 
3.630000 1958.000000 6260.000000 
3.640000 1947.000000 6286.000000 
3.650000 1950.000000 6317.000000 
3.660000 1943.000000 6326.000000 
3.670000 1948.000000 6371.000000 
3.680000 1943.000000 6402.000000 
3.690000 1948.000000 6413.000000 
3.700000 1944.000000 6454.000000 
3.710000 1957.000000 6464.000000 
3.720000 1947.000000 6511.000000 
3.730000 1964.000000 6520.000000 
3.740000 1956.000000 6564.000000 
3.750000 1974.000000 6582.000000 
3.760000 1969.000000 6599.000000 
3.770000 1978.000000 6642.000000 
3.780000 1981.000000 6670.000000 
3.790000 2001.000000 6771.000000 
3.800000 1993.000000 6789.000000 
3.810000 2008.000000 6810.000000 
3.820000 1998.000000 6825.000000 
3.830000 2017.000000 6828.000000 
3.840000 2015.000000 6844.000000 
3.850000 2036.000000 6856.000000 
3.860000 2029.000000 6864.000000 
3.870000 2044.000000 6878.000000 
3.880000 2045.000000 6887.000000 
3.890000 2073.000000 6906.000000 
3.900000 2084.000000 6920.000000 
3.910000 2113.000000 6943.000000 
3.920000 2115.000000 6945.000000 
3.930000 2131.000000 6953.000000 
3.940000 2135.000000 6960.000000 
3.950000 2150.000000 6964.000000 
3.960000 2144.000000 6979.000000 
3.970000 2171.000000 6969.000000 
3.980000 2173.000000 6958.000000 
3.990000 2199.000000 6959.000000 
4.000000 2201.000000 6957.000000 
4.010000 2229.000000 6951.000000 
4.020000 2235.000000 6942.000000 
4.030000 2249.000000 6919.000000 
4.040000 2250.000000 6910.000000 
4.050000 2265.000000 6911.000000 
4.060000 2269.000000 6881.000000 
4.070000 2289.000000 6870.000000 
4.080000 2281.000000 6861.000000 
4.090000 2290.000000 6864.000000 
4.100000 2294.000000 6841.000000 
4.110000 2306.000000 6827.000000 
4.120000 2293.000000 6835.000000 
4.130000 2300.000000 6816.000000 
4.140000 2300.000000 6795.000000 
4.150000 2313.000000 6755.000000 
4.160000 2310.000000 6670.000000 
4.170000 2296.000000 6636.000000 
4.180000 2277.000000 6624.000000 
4.190000 2294.000000 6595.000000 
4.200000 2294.000000 6549.000000 
4.210000 2305.000000 6512.000000 
4.220000 2296.000000 6486.000000 
4.230000 2292.000000 6459.000000 
4.240000 2285.000000 6426.000000 
4.250000 2291.000000 6423.000000 
4.260000 2275.000000 6394.000000 
4.270000 2285.000000 6380.000000 
4.280000 2267.000000 6348.000000 
4.290000 2268.000000 6326.000000 
4.300000 2261.000000 6296.000000 
4.310000 2251.000000 6273.000000 
4.320000 2194.000000 6301.000000 
4.330000 2193.000000 6258.000000 
4.340000 2177.000000 6245.000000 
4.350000 2183.000000 6223.000000 
4.360000 2173.000000 6213.000000 
4.370000 2179.000000 6191.000000 
4.380000 2166.000000 6182.000000 
4.390000 2161.000000 6169.000000 
4.400000 2141.000000 6158.000000 
4.410000 2137.000000 6184.000000 
4.420000 2123.000000 6172.000000 
4.430000 2118.000000 6205.000000 
4.440000 2098.000000 6220.000000 
4.450000 2089.000000 6221.000000 
4.460000 2063.000000 6273.000000 
4.470000 2060.000000 6311.000000 
4.480000 2028.000000 6324.000000 
4.490000 2029.000000 6340.000000 
4.500000 2016.000000 6348.000000 
4.510000 2021.000000 6387.000000 
4.520000 2005.000000 6419.000000 
4.530000 2009.000000 6441.000000 
4.540000 1999.000000 6462.000000 
4.550000 2002.000000 6480.000000 
4.560000 1986.000000 6518.000000 
4.570000 1984.000000 6547.000000 
4.580000 1976.000000 6576.000000 
4.590000 1975.000000 6602.000000 
4.600000 1958.000000 6629.000000 
4.610000 1967.000000 6658.000000 
4.620000 1954.000000 6735.000000 
4.630000 1957.000000 6783.000000 
4.640000 1950.000000 6796.000000 
4.650000 1950.000000 6818.000000 
4.660000 1942.000000 6835.000000 
4.670000 1951.000000 6831.000000 
4.680000 1942.000000 6848.000000 
4.690000 1952.000000 6864.000000 
4.700000 1944.000000 6875.000000 
4.710000 1959.000000 6886.000000 
4.720000 1950.000000 6884.000000 
4.730000 1966.000000 6890.000000 
4.740000 1958.000000 6907.000000 
4.750000 1960.000000 6915.000000 
4.760000 1967.000000 6947.000000 
4.770000 1981.000000 6954.000000 
4.780000 1979.000000 6963.000000 
4.790000 1991.000000 6962.000000 
4.800000 1992.000000 6968.000000 
4.810000 2004.000000 6965.000000 
4.820000 2007.000000 6960.000000 
4.830000 2018.000000 6955.000000 
4.840000 2013.000000 6959.000000 
4.850000 2030.000000 6933.000000 
4.860000 2022.000000 6933.000000 
4.870000 2041.000000 6906.000000 
4.880000 2047.000000 6904.000000 
4.890000 2065.000000 6887.000000 
4.900000 2088.000000 6872.000000 
4.910000 2108.000000 6867.000000 
4.920000 2111.000000 6851.000000 
4.930000 2123.000000 6843.000000 
4.940000 2132.000000 6830.000000 
4.950000 2138.000000 6823.000000 
4.960000 2146.000000 6807.000000 
4.970000 2170.000000 6794.000000 
4.980000 2175.000000 6756.000000 
4.990000 2173.000000 6682.000000 
5.000000 2178.000000 6640.000000 
5.010000 2196.000000 6628.000000 
5.020000 2194.000000 6601.000000 
5.030000 2214.000000 6598.000000 
5.040000 2228.000000 6550.000000 
5.050000 2249.000000 6516.000000 
5.060000 2246.000000 6486.000000 
5.070000 2268.000000 6467.000000 
5.080000 2273.000000 6426.000000 
5.090000 2285.000000 6399.000000 
5.100000 2281.000000 6380.000000 
5.110000 2294.000000 6354.000000 
5.120000 2296.000000 6327.000000 
5.130000 2309.000000 6307.000000 
5.140000 2302.000000 6261.000000 
5.150000 2313.000000 6245.000000 
5.160000 2304.000000 6193.000000 
5.170000 2310.000000 6193.000000 
5.180000 2313.000000 6180.000000 
5.190000 2310.000000 6190.000000 
5.200000 2304.000000 6181.000000 
5.210000 2313.000000 6192.000000 
5.220000 2295.000000 6182.000000 
5.230000 2295.000000 6192.000000 
5.240000 2261.000000 6228.000000 
5.250000 2252.000000 6246.000000 
5.260000 2246.000000 6261.000000 
5.270000 2244.000000 6285.000000 
5.280000 2223.000000 6315.000000 
5.290000 2223.000000 6331.000000 
5.300000 2210.000000 6351.000000 
5.310000 2212.000000 6372.000000 
5.320000 2199.000000 6389.000000 
5.330000 2197.000000 6401.000000 
5.340000 2180.000000 6442.000000 
5.350000 2181.000000 6476.000000 
5.360000 2173.000000 6490.000000 
5.370000 2175.000000 6494.000000 
5.380000 2164.000000 6553.000000 
5.390000 2161.000000 6561.000000 
5.400000 2136.000000 6580.000000 
5.410000 2132.000000 6582.000000 
5.420000 2123.000000 6600.000000 
5.430000 2126.000000 6623.000000 
5.440000 2116.000000 6664.000000 
5.450000 2102.000000 6717.000000 
5.460000 2087.000000 6762.000000 
5.470000 2059.000000 6796.000000 
5.480000 2035.000000 6824.000000 
5.490000 2034.000000 6816.000000 
5.500000 2021.000000 6839.000000 
5.510000 2025.000000 6847.000000 
5.520000 2009.000000 6867.000000 
5.530000 2016.000000 6856.000000 
5.540000 1999.000000 6877.000000 
5.550000 1999.000000 6896.000000 
5.560000 1986.000000 6906.000000 
5.570000 1991.000000 6918.000000 
5.580000 1975.000000 6927.000000 
5.590000 1974.000000 6951.000000 
5.600000 1967.000000 6948.000000 
5.610000 1965.000000 6962.000000 
5.620000 1949.000000 6956.000000 
5.630000 1959.000000 6967.000000 
5.640000 1949.000000 6969.000000 
5.650000 1944.000000 6951.000000 
5.660000 1935.000000 6946.000000 
5.670000 1945.000000 6940.000000 
5.680000 1940.000000 6920.000000 
5.690000 1948.000000 6911.000000 
5.700000 1938.000000 6911.000000 
5.710000 1955.000000 6887.000000 
5.720000 1954.000000 6889.000000 
5.730000 1962.000000 6882.000000 
5.740000 1954.000000 6861.000000 
5.750000 1970.000000 6858.000000 
5.760000 1969.000000 6843.000000 
5.770000 1982.000000 6828.000000 
5.780000 1978.000000 6818.000000 
5.790000 1996.000000 6805.000000 
5.800000 1989.000000 6793.000000 
5.810000 2002.000000 6772.000000 
5.820000 2001.000000 6733.000000 
5.830000 2010.000000 6644.000000 
5.840000 2010.000000 6611.000000 
5.850000 2022.000000 6599.000000 
5.860000 2016.000000 6575.000000 
5.870000 2041.000000 6542.000000 
5.880000 2044.000000 6515.000000 
5.890000 2069.000000 6489.000000 
5.900000 2084.000000 6484.000000 
5.910000 2101.000000 6445.000000 
5.920000 2114.000000 6406.000000 
5.930000 2127.000000 6381.000000 
5.940000 2131.000000 6343.000000 
5.950000 2143.000000 6324.000000 
5.960000 2147.000000 6310.000000 
5.970000 2169.000000 6295.000000 
5.980000 2171.000000 6282.000000 
5.990000 2175.000000 6274.000000 
6.000000 2174.000000 6253.000000 
6.010000 2183.000000 6212.000000 
6.020000 2162.000000 6212.000000 
6.030000 2174.000000 6167.000000 
6.040000 2153.000000 6142.000000 
6.050000 2157.000000 6116.000000 
6.060000 2133.000000 6081.000000 
6.070000 2140.000000 6047.000000 
6.080000 2131.000000 6013.000000 
6.090000 2132.000000 5999.000000 
6.100000 2124.000000 5973.000000 
6.110000 2124.000000 5949.000000 
6.120000 2118.000000 5929.000000 
6.130000 2120.000000 5893.000000 
6.140000 2115.000000 5869.000000 
6.150000 2121.000000 5856.000000 
6.160000 2110.000000 5863.000000 
6.170000 2116.000000 5849.000000 
6.180000 2118.000000 5844.000000 
6.190000 2123.000000 5832.000000 
6.200000 2124.000000 5826.000000 
6.210000 2137.000000 5831.000000 
6.220000 2124.000000 5846.000000 
6.230000 2139.000000 5851.000000 
6.240000 2134.000000 5845.000000 
6.250000 2152.000000 5853.000000 
6.260000 2146.000000 5890.000000 
6.270000 2161.000000 5908.000000 
6.280000 2163.000000 5949.000000 
6.290000 2174.000000 5957.000000 
6.300000 2170.000000 5990.000000 
6.310000 2186.000000 6011.000000 
6.320000 2179.000000 6043.000000 
6.330000 2194.000000 6075.000000 
6.340000 2190.000000 6103.000000 
6.350000 2212.000000 6123.000000 
6.360000 2217.000000 6152.000000 
6.370000 2238.000000 6204.000000 
6.380000 2249.000000 6234.000000 
6.390000 2277.000000 6247.000000 
6.400000 2282.000000 6274.000000 
6.410000 2304.000000 6295.000000 
6.420000 2298.000000 6343.000000 
6.430000 2318.000000 6360.000000 
6.440000 2301.000000 6378.000000 
6.450000 2340.000000 6477.000000 
6.460000 2337.000000 6495.000000 
6.470000 2357.000000 6498.000000 
6.480000 2368.000000 6499.000000 
6.490000 2393.000000 6510.000000 
6.500000 2389.000000 6520.000000 
6.510000 2418.000000 6541.000000 
6.520000 2419.000000 6552.000000 
6.530000 2432.000000 6567.000000 
6.540000 2435.000000 6581.000000 
6.550000 2461.000000 6592.000000 
6.560000 2459.000000 6608.000000 
6.570000 2471.000000 6627.000000 
6.580000 2473.000000 6630.000000 
6.590000 2488.000000 6633.000000 
6.600000 2489.000000 6642.000000 
6.610000 2502.000000 6653.000000 
6.620000 2496.000000 6651.000000 
6.630000 2507.000000 6644.000000 
6.640000 2504.000000 6634.000000 
6.650000 2506.000000 6623.000000 
6.660000 2490.000000 6623.000000 
6.670000 2500.000000 6610.000000 
6.680000 2491.000000 6584.000000 
6.690000 2496.000000 6576.000000 
6.700000 2484.000000 6568.000000 
6.710000 2485.000000 6541.000000 
6.720000 2473.000000 6543.000000 
6.730000 2474.000000 6536.000000 
6.740000 2451.000000 6527.000000 
6.750000 2458.000000 6492.000000 
6.760000 2437.000000 6493.000000 
6.770000 2432.000000 6482.000000 
6.780000 2415.000000 6462.000000 
6.790000 2402.000000 6439.000000 
6.800000 2388.000000 6393.000000 
6.810000 2369.000000 6339.000000 
6.820000 2350.000000 6297.000000 
6.830000 2361.000000 6280.000000 
6.840000 2358.000000 6251.000000 
6.850000 2374.000000 6215.000000 
6.860000 2330.000000 6203.000000 
6.870000 2326.000000 6213.000000 
6.880000 2306.000000 6178.000000 
6.890000 2306.000000 6122.000000 
6.900000 2291.000000 6062.000000 
6.910000 2289.000000 6045.000000 
6.920000 2258.000000 6015.000000 
6.930000 2253.000000 5999.000000 
6.940000 2238.000000 5983.000000 
6.950000 2220.000000 5951.000000 
6.960000 2203.000000 5906.000000 
6.970000 2196.000000 5907.000000 
6.980000 2186.000000 5863.000000 
6.990000 2193.000000 5856.000000 
7.000000 2177.000000 5835.000000 
7.010000 2176.000000 5834.000000 
7.020000 2166.000000 5851.000000 
7.030000 2164.000000 5838.000000 
7.040000 2155.000000 5826.000000 
7.050000 2156.000000 5828.000000 
7.060000 2142.000000 5828.000000 
7.070000 2145.000000 5841.000000 
7.080000 2132.000000 5872.000000 
7.090000 2135.000000 5877.000000 
7.100000 2122.000000 5899.000000 
7.110000 2127.000000 5937.000000 
7.120000 2117.000000 5953.000000 
7.130000 2117.000000 5977.000000 
7.140000 2111.000000 5988.000000 
7.150000 2117.000000 6030.000000 
7.160000 2110.000000 6053.000000 
7.170000 2123.000000 6074.000000 
7.180000 2111.000000 6127.000000 
7.190000 2126.000000 6136.000000 
7.200000 2114.000000 6176.000000 
7.210000 2137.000000 6187.000000 
7.220000 2125.000000 6232.000000 
7.230000 2144.000000 6255.000000 
7.240000 2137.000000 6263.000000 
7.250000 2151.000000 6302.000000 
7.260000 2153.000000 6325.000000 
7.270000 2160.000000 6406.000000 
7.280000 2164.000000 6439.000000 
7.290000 2178.000000 6464.000000 
7.300000 2171.000000 6480.000000 
7.310000 2181.000000 6485.000000 
7.320000 2184.000000 6503.000000 
7.330000 2201.000000 6514.000000 
7.340000 2199.000000 6517.000000 
7.350000 2216.000000 6527.000000 
7.360000 2220.000000 6544.000000 
7.370000 2240.000000 6568.000000 
7.380000 2260.000000 6583.000000 
7.390000 2286.000000 6603.000000 
7.400000 2285.000000 6603.000000 
7.410000 2305.000000 6618.000000 
7.420000 2298.000000 6632.000000 
7.430000 2321.000000 6634.000000 
7.440000 2316.000000 6646.000000 
7.450000 2343.000000 6643.000000 
7.460000 2344.000000 6633.000000 
7.470000 2370.000000 6626.000000 
7.480000 2378.000000 6640.000000 
7.490000 2398.000000 6622.000000 
7.500000 2399.000000 6612.000000 
7.510000 2421.000000 6591.000000 
7.520000 2419.000000 6581.000000 
7.530000 2433.000000 6566.000000 
7.540000 2434.000000 6544.000000 
7.550000 2455.000000 6538.000000 
7.560000 2455.000000 6529.000000 
7.570000 2464.000000 6517.000000 
7.580000 2463.000000 6501.000000 
7.590000 2476.000000 6489.000000 
7.600000 2459.000000 6484.000000 
7.610000 2469.000000 6477.000000 
7.620000 2470.000000 6455.000000 
7.630000 2478.000000 6416.000000 
7.640000 2472.000000 6340.000000 
7.650000 2458.000000 6322.000000 
7.660000 2443.000000 6298.000000 
7.670000 2464.000000 6258.000000 
7.680000 2457.000000 6223.000000 
7.690000 2471.000000 6181.000000 
7.700000 2446.000000 6168.000000 
7.710000 2462.000000 6115.000000 
7.720000 2448.000000 6095.000000 
7.730000 2456.000000 6078.000000 
7.740000 2449.000000 6053.000000 
7.750000 2450.000000 6035.000000 
7.760000 2439.000000 5990.000000 
7.770000 2441.000000 5990.000000 
7.780000 2430.000000 5954.000000 
7.790000 2430.000000 5931.000000 
7.800000 2367.000000 5940.000000 
7.810000 2361.000000 5934.000000 
7.820000 2349.000000 5917.000000 
7.830000 2352.000000 5898.000000 
7.840000 2339.000000 5890.000000 
7.850000 2341.000000 5881.000000 
7.860000 2336.000000 5850.000000 
7.870000 2330.000000 5840.000000 
7.880000 2305.000000 5844.000000 
7.890000 2304.000000 5843.000000 
7.900000 2289.000000 5859.000000 
7.910000 2285.000000 5874.000000 
7.920000 2263.000000 5880.000000 
7.930000 2257.000000 5902.000000 
7.940000 2227.000000 5939.000000 
7.950000 2226.000000 5953.000000 
7.960000 2199.000000 5990.000000 
7.970000 2199.000000 6000.000000 
7.980000 2187.000000 6023.000000 
7.990000 2195.000000 6042.000000 
8.000000 2177.000000 6089.000000 
8.010000 2177.000000 6105.000000 
8.020000 2173.000000 6126.000000 
8.030000 2177.000000 6161.000000 
8.040000 2158.000000 6191.000000 
8.050000 2158.000000 6222.000000 
8.060000 2145.000000 6243.000000 
8.070000 2145.000000 6266.000000 
8.080000 2127.000000 6289.000000 
8.090000 2130.000000 6327.000000 
8.100000 2119.000000 6363.000000 
8.110000 2122.000000 6442.000000 
8.120000 2117.000000 6462.000000 
8.130000 2120.000000 6486.000000 
8.140000 2112.000000 6497.000000 
8.150000 2118.000000 6496.000000 
8.160000 2114.000000 6509.000000 
8.170000 2118.000000 6529.000000 
8.180000 2117.000000 6534.000000 
8.190000 2127.000000 6540.000000 
8.200000 2126.000000 6566.000000 
8.210000 2132.000000 6547.000000 
8.220000 2129.000000 6560.000000 
8.230000 2133.000000 6575.000000 
8.240000 2135.000000 6612.000000 
8.250000 2152.000000 6612.000000 
8.260000 2149.000000 6628.000000 
8.270000 2165.000000 6634.000000 
8.280000 2163.000000 6637.000000 
8.290000 2177.000000 6634.000000 
8.300000 2175.000000 6622.000000 
8.310000 2190.000000 6611.000000 
8.320000 2184.000000 6627.000000 
8.330000 2200.000000 6602.000000 
8.340000 2193.000000 6600.000000 
8.350000 2212.000000 6579.000000 
8.360000 2223.000000 6564.000000 
8.370000 2236.000000 6546.000000 
8.380000 2263.000000 6540.000000 
8.390000 2283.000000 6531.000000 
8.400000 2285.000000 6515.000000 
8.410000 2293.000000 6507.000000 
8.420000 2297.000000 6486.000000 
8.430000 2312.000000 6482.000000 
8.440000 2317.000000 6469.000000 
8.450000 2334.000000 6447.000000 
8.460000 2340.000000 6423.000000 
8.470000 2342.000000 6343.000000 
8.480000 2344.000000 6315.000000 
8.490000 2362.000000 6305.000000 
8.500000 2356.000000 6283.000000 
8.510000 2372.000000 6267.000000 
8.520000 2394.000000 6218.000000 
8.530000 2418.000000 6170.000000 
8.540000 2418.000000 6159.000000 
8.550000 2437.000000 6123.000000 
8.560000 2440.000000 6099.000000 
8.570000 2458.000000 6063.000000 
8.580000 2459.000000 6042.000000 
8.590000 2469.000000 6013.000000 
8.600000 2467.000000 5988.000000 
8.610000 2488.000000 5952.000000 
8.620000 2471.000000 5945.000000 
8.630000 2481.000000 5915.000000 
8.640000 2476.000000 5875.000000 
8.650000 2482.000000 5874.000000 
8.660000 2476.000000 5864.000000 
8.670000 2472.000000 5868.000000 
8.680000 2471.000000 5862.000000 
8.690000 2469.000000 5858.000000 
8.700000 2467.000000 5855.000000 
8.710000 2467.000000 5862.000000 
8.720000 2459.000000 5852.000000 
8.730000 2461.000000 5862.000000 
8.740000 2447.000000 5866.000000 
8.750000 2449.000000 5877.000000 
8.760000 2447.000000 5882.000000 
8.770000 2436.000000 5910.000000 
8.780000 2434.000000 5946.000000 
8.790000 2434.000000 5966.000000 
8.800000 2418.000000 5992.000000 
8.810000 2419.000000 5989.000000 
8.820000 2363.000000 6095.000000 
8.830000 2350.000000 6134.000000 
8.840000 2340.000000 6150.000000 
8.850000 2347.000000 6170.000000 
8.860000 2328.000000 6215.000000 
8.870000 2324.000000 6225.000000 
8.880000 2299.000000 6262.000000 
8.890000 2304.000000 6256.000000 
8.900000 2291.000000 6274.000000 
8.910000 2297.000000 6281.000000 
8.920000 2279.000000 6310.000000 
8.930000 2262.000000 6375.000000 
8.940000 2251.000000 6406.000000 
8.950000 2230.000000 6447.000000 
8.960000 2201.000000 6475.000000 
8.970000 2208.000000 6481.000000 
8.980000 2187.000000 6502.000000 
8.990000 2190.000000 6506.000000 
9.000000 2176.000000 6523.000000 
9.010000 2181.000000 6523.000000 
9.020000 2171.000000 6546.000000 
9.030000 2169.000000 6551.000000 
9.040000 2156.000000 6569.000000 
9.050000 2161.000000 6569.000000 
9.060000 2145.000000 6598.000000 
9.070000 2142.000000 6613.000000 
9.080000 2129.000000 6610.000000 
9.090000 2130.000000 6626.000000 
9.100000 2119.000000 6637.000000 
9.110000 2123.000000 6636.000000 
9.120000 2105.000000 6618.000000 
9.130000 2113.000000 6609.000000 
9.140000 2103.000000 6603.000000 
9.150000 2112.000000 6589.000000 
9.160000 2109.000000 6590.000000 
9.170000 2120.000000 6572.000000 
9.180000 2108.000000 6571.000000 
9.190000 2127.000000 6553.000000 
9.200000 2124.000000 6551.000000 
9.210000 2133.000000 6545.000000 
9.220000 2129.000000 6530.000000 
9.230000 2144.000000 6516.000000 
9.240000 2137.000000 6502.000000 
9.250000 2152.000000 6483.000000 
9.260000 2148.000000 6496.000000 
9.270000 2166.000000 6467.000000 
9.280000 2159.000000 6461.000000 
9.290000 2177.000000 6445.000000 
9.300000 2173.000000 6394.000000 
9.310000 2185.000000 6307.000000 
9.320000 2186.000000 6288.000000 
9.330000 2197.000000 6278.000000 
9.340000 2193.000000 6244.000000 
9.350000 2212.000000 6214.000000 
9.360000 2220.000000 6188.000000 
9.370000 2244.000000 6159.000000 
9.380000 2256.000000 6153.000000 
9.390000 2275.000000 6119.000000 
9.400000 2276.000000 6086.000000 
9.410000 2292.000000 6042.000000 
9.420000 2296.000000 6017.000000 
9.430000 2321.000000 6003.000000 
9.440000 2329.000000 5986.000000 
9.450000 2342.000000 5981.000000 
9.460000 2334.000000 5978.000000 
9.470000 2347.000000 5945.000000 
9.480000 2339.000000 5925.000000 
9.490000 2358.000000 5909.000000 
9.500000 2357.000000 5904.000000 
9.510000 2373.000000 5885.000000 
9.520000 2369.000000 5903.000000 
9.530000 2382.000000 5905.000000 
9.540000 2379.000000 5891.000000 
9.550000 2395.000000 5897.000000 
9.560000 2399.000000 5915.000000 
9.570000 2417.000000 5939.000000 
9.580000 2417.000000 5945.000000 
9.590000 2432.000000 5977.000000 
9.600000 2430.000000 5993.000000 
9.610000 2438.000000 6005.000000 
9.620000 2438.000000 6029.000000 
9.630000 2451.000000 6041.000000 
9.640000 2446.000000 6067.000000 
9.650000 2452.000000 6098.000000 
9.660000 2446.000000 6117.000000 
9.670000 2456.000000 6130.000000 
9.680000 2449.000000 6151.000000 
9.690000 2469.000000 6130.000000 
9.700000 2447.000000 6172.000000 
9.710000 2461.000000 6203.000000 
9.720000 2440.000000 6237.000000 
9.730000 2437.000000 6259.000000 
9.740000 2411.000000 6307.000000 
9.750000 2420.000000 6317.000000 
9.760000 2411.000000 6350.000000 
9.770000 2437.000000 6386.000000 
9.780000 2410.000000 6450.000000 
9.790000 2412.000000 6471.000000 
9.800000 2388.000000 6487.000000 
9.810000 2395.000000 6497.000000 
9.820000 2378.000000 6500.000000 
9.830000 2372.000000 6523.000000 
9.840000 2360.000000 6525.000000 
9.850000 2352.000000 6535.000000 
9.860000 2331.000000 6553.000000 
9.870000 2327.000000 6566.000000 
9.880000 2305.000000 6576.000000 
9.890000 2309.000000 6594.000000 
9.900000 2289.000000 6622.000000 
9.910000 2291.000000 6624.000000 
9.920000 2273.000000 6634.000000 
9.930000 2275.000000 6627.000000 
9.940000 2233.000000 6635.000000 
9.950000 2228.000000 6635.000000 
9.960000 2207.000000 6636.000000 
9.970000 2204.000000 6633.000000 
9.980000 2192.000000 6620.000000 
9.990000 2192.000000 6621.000000 
10.000000 2183.000000 6598.000000 
